2982838251
1703155112
2281810889
3629764254
1763175095
1187863012
3087995957
48846074
2350302147
2246701408
1018837217
805065878
599734031
329447452
237888973
2190936434
3526996123
3409889816
1510156025
1158737806
996858983
3212641108
997017701
1915798250
4022314611
4275208144
2745554449
3146284934
3308862143
2867157900
4271414269
152133986
3401123147
2135487112
1607444009
2919752830
1099739671
595189956
1134510229
3473392858
1228549411
3826909760
814872385
3043491446
697016943
2943120124
3306460717
198626642
1725660667
1896976120
4251068761
1077259630
211839943
688058932
3182427333
2260032202
3661191123
1506769072
3969490033
976343398
1039756831
2853650028
2848773213
2513325378
1249122987
3578240872
1828040841
64047710
302582135
1201092516
418020597
2109768890
347088515
21095200
1326957985
3116169302
2886049231
2634333660
2402047629
555671858
2710952795
2514101208
4010097593
3427908430
1533643559
670413076
1993982245
4293935786
1255250227
1761624464
1839690449
3877663558
2306027903
1939075404
568204477
2268039458
3499343883
3254262856
4199271145
678297662
916779223
337469060
3678980437
2957743258
1594929123
2094633984
740533249
2830320182
138750255
1919146172
147662573
4037494034
604031163
4262496440
1808031257
1377638702
3856546439
1733115892
1547867525
2031712906
1948281491
4124891760
1822906673
135030054
650020063
2807264300
354710813
3312260354
2159015275
4090652968
3064591689
513148446
1333291063
4261696868
1376921013
2078340218
2633222467
3394835680
1066242657
570612758
1600275599
1501676444
1917781837
2628253938
330581531
3257712024
343380089
3998205710
2920708583
2785124052
2269280741
23659114
2361248755
2648523600
326193041
380479238
1492346943
2035140364
3589791101
750711010
39893707
1833862664
3035115433
2634111998
1083928471
2386828356
1755222549
1773708378
1190228643
825779648
3844968641
4184065526
2524245999
274103932
2953443245
995687634
440947579
1319551608
3992376025
1906427118
4197075271
3070938548
892431941
471259722
3477192019
3531177008
1876776433
3233560806
657054623
2977622508
1521505757
2371689666
2168328235
2229564136
1809742345
241697246
841352951
1641329444
776343157
1997186106
3651251203
3438249632
1557896993
915275734
1452616527
3906603356
1247148045
3606204594
1700065499
1677104984
1629103417
1623921358
1412540583
2170604692
3345445541
3227189802
2051292851
3643376912
1942187089
3891272390
1551490815
2882723020
1034280509
2877266082
2900358539
3842781128
3060061289
2441213886
2419076695
699275780
3596655317
353301530
3583800675
2364962688
3396320641
356092342
215676591
3372508220
1837828205
1839985810
2792496699
378813496
985237401
4102271150
2319751175
4294679412
3275523845
1500346890
3495776275
3412418032
4110127793
2717994150
2281402975
1481482156
3174069917
1063150722
3101584107
2352856232
3545448137
4178001310
181527991
2865254628
3091609397
687707130
3212431043
885340256
901901281
85877654
3932049935
718114588
3925944525
4055754866
322427803
3472339224
2880240121
428056206
2927302503
1104362068
3523783525
3330687466
405074291
2527397584
2908604689
950521478
4240872895
987968140
3148357373
4113662050
1557229643
3438352776
1703000361
3417297790
2518887703
3189462980
1330570133
202277850
533837859
1540606272
2326407745
2851376502
3828825455
472746492
873486637
1231039570
1698572539
1234761208
1221360729
1887624302
384640711
1776265524
3240353733
1524455882
2620596947
4234182576
985796465
698064998
3522382111
1804309868
3211056989
1831922754
3562079659
1302218344
1942504329
1144240478
1782318199
1352609444
986882037
2340012986
2201760131
1838819872
2566944929
3681814358
3011360975
1058821340
1678809485
1321910322
3659335259
2532313816
183504569
1312385614
1571997223
2937645076
2179343397
3718955434
2870993971
2450507920
520119761
647283270
3801713791
2520696908
4072579005
999598114
3740609291
146621256
1761533417
1363865406
53767127
1665914244
1042902101
3900134298
2052143843
2844809984
345822977
2773799222
3578381359
3381784508
911862253
3493176338
862745531
460648376
1324331289
3143583790
1625552263
1551300340
698841221
2317777290
2541958547
3240812912
3220229169
357250086
3453050847
4210346796
604862493
3902059522
3226853483
1288048680
335382601
2511172894
556032823
186207332
1084967093
3628020602
2577978435
590240736
2505524577
1196354326
2327011215
2240174748
189024845
2413352946
3066327323
2409604248
3584254841
1957459470
1117304039
3505509844
4055882981
260604266
3086292723
3341404752
1735082641
259454470
4138910527
1839570444
3316211837
4033417186
1074472395
3157306632
2812035753
1746094846
3357797015
1895797572
1303393557
2215207770
2044394915
3253480640
2533868481
890918134
3637676783
3505493372
3878140589
1139563474
767360635
4293405048
3286443481
3940086766
1760101447
2139194548
931615045
2433276234
1728940115
3045360432
1128777969
1657800678
2220209823
1447641324
3991558365
3276389314
2846685995
1299519976
3132296457
3543429342
1078657527
3522603556
2492477813
2299388730
3078600451
1094831520
2038845985
376377046
2294236751
2647367772
1918647053
2527604658
3857587163
3435560536
2726754361
1117569486
2112676775
4011721620
2086000037
2782888234
56920499
1907559440
1700683601
2433640902
1641167359
2966926284
1462264125
3312367522
3436404875
1259034312
1209657193
2512971454
363964759
2130088196
1755528661
4169446170
4079943779
816266880
2158686337
3338999990
663851439
1913420604
4181314413
642012050
2968504635
2863833912
1583798937
1420812206
1874612999
3133100660
1703111173
1497659658
4019329811
3039651056
3280405937
1340742566
1044401503
222885548
1606121885
1326449538
4246099435
1399546792
2930299337
579382430
409985207
3707193316
1094801973
1470485242
3514882499
4086595424
3561856737
1452569238
107048207
1739335196
1813539789
2230896498
3831105179
2720307224
1213910265
2915716494
1886343783
2438820180
3160936037
711966954
2452503667
225152464
932822033
2300255622
2360864959
2408909196
167485949
2892341090
302897995
1494040712
2973223977
2687222398
1553836055
1693503172
3116533397
2678670042
4211950371
3246493760
2152095041
148184182
977721455
748855548
1599085613
956140370
1506071547
261381368
356175705
2393115502
4129153479
904945716
1851507397
211376330
1439755731
3689252528
2137948785
1515810662
2219910175
4021546092
4232108637
497519426
1733423275
2724785512
1990121097
3916048478
978517879
2749048228
2441003765
1036452538
476855427
2783342880
1953311649
1434392150
2623132623
48753628
188275853
3163201330
1858613595
2742677976
3722371513
3958708558
3135242535
2138054420
2360772389
1727611050
2836541235
1444106128
1021139153
358420806
539223935
2040373068
2162369213
3608004386
3699021323
3388369480
2310402281
2365316670
1302849239
984501380
2882408277
322376346
3862283747
2151358976
2224687617
3897188406
3383910191
3228829372
1277865197
2111308562
83631803
1649235640
522126361
1853191982
3167596679
1490333172
1288723333
348616842
4270456979
2238507120
4122885937
1071514406
524827359
222962220
2251979549
13652738
3575630699
3190667048
3646233417
3449349150
1991532087
3730981732
268987317
1966174842
218226499
66560736
1755641953
2700016150
594049679
3477008796
2726137165
3743266546
2180553755
2760280984
3117627001
1927095566
1040117735
3239447764
134299621
1698431082
3436208627
1198149968
334050705
2475967750
81141311
514946316
2661213053
3072798434
953782475
3246838792
3092534697
2717465086
3650119063
1475283524
3917862933
753803866
1231587491
3096703936
3160798913
2468668406
3465815535
759213180
847871405
915651282
3478497659
379424888
4073945305
165946094
3297492807
3408673716
1000420421
462346314
2390578003
1300466224
3845536753
4265072358
400920991
3050018796
6839261
172645058
1933567531
1786364136
3716915209
3033849822
3730046199
2219614500
2275300469
2007310906
1476510211
4186444960
4290053409
111418838
3024970063
1819359068
3299245581
3463581362
1521174235
3104466264
1928842041
4165103822
445390503
2651798164
2299017381
1861746730
3257455795
489722640
2608681553
2709567686
1670288639
1854966476
2247025725
4268873378
1944767371
2742975944
1674771049
1692652990
823600215
1416824836
1571414229
109998618
4184181603
4132177280
2523538305
1998890934
2175544495
2999489084
3308031597
3840979602
361854011
3762620984
1192766873
3064991406
1310199303
1958152564
3046001925
179271690
3932874259
266955760
1284929713
3542543014
3068733535
2029538732
2911534237
2346033794
2926723307
2869758632
3389154505
3302890398
3253853111
3445243620
50363701
4276228602
4062962883
2992096864
3361559009
2489221526
2814937103
3124673820
1148432077
2890376818
1973432731
885358360
3758923769
1910832270
2974256487
2652612692
2861265253
233652202
2379974515
1395004624
4065963793
484600966
2769111999
2566578316
2576557309
2662186594
443434571
329082760
4075937577
2608574846
3304858391
133842372
855255445
4191683034
183291427
86202176
3244724289
1107929974
1538945903
3503011836
4141080365
1252977234
1953464059
3003368440
313336409
177814126
3660750023
2100631348
1968678341
199841738
923973843
3898510768
1788802417
1013661286
2232614687
646988652
274783581
389163586
863427499
3282539624
628713865
1668585310
2991454839
827006116
3438208501
78135738
272648067
2586228768
2438848161
2547918166
2526670543
3630662364
883236749
3663625778
2409061467
2876758232
399619257
361023566
2733718567
2298172948
1196091941
198950826
1957198387
2768950928
2000571345
595157062
1913799295
229668428
2085332413
3382371874
4179886347
4121137480
208733161
1266732350
1174364631
2319762308
3560354389
2693452186
3535687907
4040812800
739982593
3784568630
360643119
1191845308
4198461421
1770938898
3366963643
3264855480
2354206489
3680478766
698051463
1281778932
1975336581
2298247050
3644115859
849538928
3188699697
4156871206
1260590559
3461577004
3953884701
2116022786
4010653291
940138024
3065032265
911758110
2150127927
1742682724
1881771701
3266818426
654240323
1555360224
1769384801
2665679126
1501664655
648775836
3891974221
4202075634
2773534491
4041306776
1896286585
1491194894
3494456039
1718502356
2047255269
1921220458
4216302835
245291088
3370854545
319132678
3009247551
2087799820
282617469
4042870242
483130315
1834023688
2534434985
3132303614
2766200983
856850756
3961486101
3563512154
3852080035
87014080
88615361
2206429942
2813968623
356762492
1110393005
2202999250
789730427
2194077560
717736921
1052987886
1024621127
2315973300
4051638085
732485450
1972444755
2323026224
94940913
49522150
299461791
3221352172
1110073053
3529439682
234279211
3421661160
2221421321
592006878
1010890743
1758894116
3077601141
3000000826
3945254147
3854719904
2674374689
1999449302
155155535
1154141788
4046766349
3998215602
4086067675
415386712
2188156473
4055637966
1510955431
2117366164
2642320293
2342813482
3868270515
3416398352
3324003665
2303133638
2444161023
3573375436
2046388029
3330864546
3525719691
3731203272
3113225577
1859306686
308322135
2586017540
1702134741
2938908954
406853219
3454323840
3148699265
2509780662
1261094831
2067310908
2170769773
431034770
72818491
2806739256
2764931225
2323922350
1431816455
501399668
1667051525
3719198474
4041715987
3415831280
1076489137
2612509094
569770847
2338038956
1453162397
1705984386
4243729387
2200089000
3579836361
1342671518
928503479
1810970084
2911084597
2394050810
1367011267
1628376416
3253798113
779915414
4271088399
310727708
588444109
3618276722
4144651419
1994024472
583168761
3587419022
2701379687
1477304148
1282593893
3774791402
992793203
1473551312
2375918097
1677572998
1975953087
1192540044
443459581
1007279458
2784145739
3970010760
3668963881
765436030
4282293783
2537012420
1794493589
2325397722
2138069283
381230656
4262118209
3314694774
2022837871
4171812604
2862326317
4000598354
3846056443
602352376
4045632857
1415735662
4079704007
799919668
2249689285
3368900298
1878557651
298554544
2891147377
1070665062
70834719
2136684
2881806429
3385903426
1757398699
2707045224
811072649
575866462
36500855
3907982244
2636318965
1344110778
2394444419
979042080
2681377185
311506006
3527281103
2946177500
2421514893
407264562
1821017947
2666119128
1757972409
988313422
1172731687
3149565204
1638092069
1012022954
1038271795
1861639568
2116239057
3236540230
140811647
1115114828
2499291325
2201748770
1693543435
2076489800
2704283369
4242127934
473619671
1108294276
1734563157
7508122
1877662691
3949768704
3139465217
20020790
3903821103
1297364156
4036506349
56148242
2928112827
744105144
1183427097
1914557742
3612157575
657202164
1416503685
1455781514
1468241555
3100440176
3370460465
2902434086
2170679519
772853804
73433373
3498283266
1042260331
2857960744
1544569161
1072415262
1837126711
2542809444
286175669
819064954
396358979
493236448
1204575841
2972391446
1560195215
2076975004
2344358733
1373861106
1355608603
1689278872
2873023609
2528805646
695690727
2969205460
4157605349
2808020586
1936914419
214392656
913382289
4257932038
843633727
1994728204
3428182397
232746210
467822283
2945393160
4090526633
574691326
1511349143
4067031108
92085781
3933446234
2121244323
2545910208
565075137
1983250934
2487442415
2029705852
3323528109
2585688274
2096299899
878993016
465575641
4185293038
41760071
2887625140
153156165
827774538
1279846739
1549637680
1419715057
3775100134
2721138591
1693205996
1664115165
2340919490
2849094699
1642008296
1598604809
2391915998
2316432119
1872006948
3557202549
2861539386
2700204035
4126188192
144599841
3624549334
3080034127
383280476
2819032077
1715588274
3767639259
3689821016
2162520377
2668220110
1819710631
2139990164
1773731493
1810169386
2694671027
1829216528
2504472657
3093386950
473123583
3558750412
3813141053
2377389218
394633611
3955280840
4182843497
597013438
3918404183
1074263556
805512917
1650323482
2143199587
2809238400
2691991937
2455750070
3020776111
3143417916
3722318957
881160338
2906704443
4022720568
663147417
1076653230
3044770823
2789373812
519049989
1111586314
856194067
3627907568
1312906929
429688998
2942754399
879950764
183796381
1285349506
412489451
3417069736
2160167625
872741278
2829177271
2830904548
4039820085
1997967354
527301315
4021965920
1896396769
2498666390
985841167
1618995996
3086365901
1998677106
2560133019
1482902808
3229369849
1234590350
1873019751
2939426388
1377711973
329530858
3391233395
192357072
3110442257
3463252614
786694591
2313326220
1015950077
4101635170
3835370571
3558454664
410125609
3331821438
996481303
44643268
297103253
3253829594
2291655715
3863143744
3862099521
57592182
3234703727
2486822396
715613485
2488117330
3694187771
1379832312
1620953177
3690961006
1896354503
1029342516
1352362949
3007665610
813846227
1210882992
4102806385
3565870182
834843935
1818554732
2121065309
2776852546
925675947
729866856
1195020169
2516940126
1508896887
3133606564
2988125173
2418458554
3352583555
1988314656
1338721441
899171158
2135303375
2021830876
3460933005
3863100466
899789403
1842325208
2160286393
3424659022
3552555559
128828436
2344595493
1750908330
885067827
2748703888
25965009
1571683910
320534655
133309516
2062068669
1945183266
1340266251
1280958280
4159908329
285649726
5920727
1376629124
357824597
2733526938
3988481763
1609791232
3785990913
3072527670
1933848623
3276950460
3744789997
3140952082
3867353019
2408483768
4257545497
2729444398
4125286791
3643134708
2565014661
3995235722
2843107731
132840816
3325990961
3482218534
4060400607
478291756
2153350173
1744515074
4065692779
85765160
2037634121
1515401502
1857834807
1567959140
2729956533
796929914
249888835
906721248
3014005089
1204234006
1574947727
3198203548
1036080717
1432638450
3027049755
4025696408
410693497
2624008718
2039062759
2428154324
828205285
1942912362
1698317043
837019216
209391249
3286512134
2979540799
4262263308
2165795965
2111409122
1713164747
2017544456
2123665065
1218643710
690869911
2247454532
3852386581
3742654298
1139354019
1615022272
3248000961
3678179574
3291543279
1214640508
1850132141
3942766546
3908545147
460703096
1975284185
2851975150
1154216007
560226484
847699269
2627261770
1118090323
3006832432
2182714609
140985318
4176290463
2492112108
326788317
2781099970
1993385771
473937384
506288393
1722690782
4157009399
2290517540
2371927413
3470974778
2841633539
437447072
3948486177
2570799830
4014977615
3533306972
2568832781
2789714866
1371195355
4069399128
509756473
1881898446
2176962471
2451234708
2646040997
2142862634
541963699
4049676304
3102878545
2664408518
857449983
1542655948
1910140221
3287495586
1946750091
3146773192
3541447529
4079788734
3869218135
908094724
1834338773
2418257690
1608592483
1928485504
4106206337
3715847350
3964927407
1664407356
2325534573
2775437202
1078883643
2847162168
2135172761
1202232238
2659401479
4258672244
2554787333
2825417994
3771549459
634749168
652005809
3168098214
2403055967
1681805996
2056226205
2963177346
828244459
1957298088
2082938313
3772147870
1171246263
1941644260
2094392885
672059130
2349139395
1314495328
2242144993
934588054
2354436367
2486075932
3005052877
4205593458
2320151195
3378525208
1765415161
1026361742
1294483047
2475576660
1804442213
366853354
1790666867
1577953744
632391697
3425720710
6642879
1365534092
2951851517
939400034
107448139
3120946312
1547180073
3596844670
2842661911
978234052
3610841749
266092250
1449357091
1673571392
702490945
1805604982
1684882543
2474573052
653731885
2889549650
2303164411
772405496
287054681
292603758
2210975175
2520464436
2229489349
995185866
2830113235
2072093360
4081602161
1788390246
1034981407
1532840044
945350237
441059138
3468532907
1377536360
438379145
780919902
3918982007
2530410916
3151449845
885259962
3952371843
1050643744
1363670945
1894994518
3451011023
589187036
2659313805
3025279794
450682203
136941016
264383929
959173966
2088561959
1557461780
1973424933
4294655146
2302892851
866741136
2977506513
1774603590
3258274687
1310784332
3726454461
196756258
3925361163
1466107464
3233430761
4161247806
576574167
2856331396
2382928725
4160622234
2083516899
1047412224
1337382401
1936235574
3845966639
2567201468
1981135085
19496722
2695023291
3694588600
1644449817
3709219630
3042745479
1381206516
4078692229
3205723274
4279053459
268239984
1713113905
3480305446
3440092895
2309455404
261523229
3028733698
1001355115
945050408
3202049865
4119765022
3017558583
2844663652
3575969717
784494202
1020136259
2527379168
1560527969
3535222294
2351228559
3744026012
2919930189
1962488562
3229723
2192189336
1757053561
3655852302
4034911207
4121880788
3601779685
1204943978
10849779
1844735312
4211671441
3578888454
1632340543
32035084
3743215485
2967972578
729496779
3077009416
3881607593
2648241662
1110069655
3719620164
1015309333
575217242
1711715491
1320882112
2500248257
580329462
1736610287
1938098300
3937962413
3858314962
2736805243
670772344
3904685273
3227049710
872328007
3655276468
498122821
3715028042
2292481875
2131207728
1041762289
3911127782
1175256479
1054667756
50882525
2434062018
2767426091
3943980264
1897262089
463379422
3042961655
2745990436
2474565749
2412387898
879881731
1109995680
4153921825
717248982
3765292367
1745851228
1953991181
509708978
1997009627
1285685592
182654777
3575721166
3388017319
2782664340
3917071525
924974122
2510422195
1219407632
3777044049
2895246534
107479295
1551623884
3585142845
3645264546
397440907
1037244872
4141827689
1301778878
966070359
1819075588
3446435029
2826792474
3903305571
543629696
1754197889
3874153398
603887791
1656811068
933206637
3697946258
3984597051
3306595896
1543862681
284740270
1081014791
345892212
2137118981
2149807114
708186643
2757855216
2046575793
4116850342
4050949215
180201900
1433307293
28581506
2001333483
1847305896
2005971145
3330004894
1054984119
3169721060
27593013
295374330
3342864579
1827463776
2948865505
2261695894
592245775
2643532060
3297295053
3528139378
4230012315
3117488920
3439062009
546814094
1771075943
4112286804
1220607333
1470839786
1291367283
1066938576
2189523729
3444025478
441104319
2375695500
614019325
1989556834
995619403
2389050248
1442982697
3439553918
2036207383
774382020
1803597205
3831168474
416479779
2134012736
2031049793
1847846774
2473647983
3866629116
1334504237
2788976210
478292731
2806603768
2996727385
1689646702
1533905095
709882676
3538891205
3505476554
142730451
2613750192
1485357425
1912240742
1476553503
3171524460
2307451229
2552538690
1601341355
86650984
1493939593
1541821278
3777095287
1829959844
1784115701
2918530490
704148355
2192561184
1414048417
883056982
3984743119
2674777820
2969447309
4067818034
1279002715
1576498392
3318022329
4060841038
1881024551
2872062484
3477370405
1932377002
1802085939
242283152
1038751697
1429380166
1169403519
84136524
1855304125
3130483234
1664199947
2363501896
2877640681
568101182
2990886359
983998340
2172730965
1872874906
1263041763
1994196224
3041396993
2785159990
1855546927
3194649020
1698331629
1160764946
216430011
39016888
591897369
2437964334
1169840007
2192916724
320391813
966292362
2286417811
3238202224
1484619313
480775718
1115062751
1702941996
1645709853
640052738
1244488299
872413736
3695639113
2174619422
1826637111
1809520228
1482037941
2660806010
3512407619
791807456
4091901793
3254469910
399376783
3446006940
2358762573
547492338
1679389467
215289496
1274959225
3208417294
3193575143
3486982100
2546216677
2473163626
1974786291
2969105488
2988110993
2719141894
1902306623
1920509964
2523296381
386517474
2617092043
1560385288
3727209641
2447566078
3574254743
3920125252
3123578645
605150554
348667811
1395054272
1274607041
3158683382
2922917103
3931643772
3949874349
4211381714
3681353851
1240765304
616634329
2894597614
1402439
3314405044
2057216837
1675154250
1313360467
2949295408
949648113
4079673830
3113277599
1407404780
3789187805
3178853826
1681554731
3193766888
134381321
493030110
4074562551
2969990180
2522940277
1564826938
1915222275
1580431264
3713696801
4237912278
3136284751
3342412380
3927297293
1049586098
2155421147
3660179544
4134005305
1038801870
1963214247
2865843604
4244645797
35552042
815418291
1659909648
3184791889
1369981894
3323485183
3317218764
3201004349
1034776994
846979723
1653227720
346839401
2731966654
309234519
3538770692
4657109
460008730
1242710627
2681202816
2883723905
514749110
2332898223
2852193596
2498125165
1232768402
3839216443
837619000
1842007193
203225518
3409884423
3667500148
2218834949
963801866
1061346579
1138855664
4154439601
860026278
101805919
401670316
1267829661
2950544770
442095595
2818657704
587088841
1425360542
3285697207
1951732196
792210485
2746961146
18815939
997468512
2674381025
4064070806
799543055
1822928924
2620915149
1845363058
505088155
431358488
2613165817
1674995598
4108104807
3286154068
2578997349
1225571050
2698641011
2685843408
2144693777
1102247814
2895385279
780407692
1250210813
541219170
3010223435
1094331016
3050323497
444030078
3677391383
3459619012
2123126933
2943204570
4293297443
681065024
2210631489
2063365750
2111339119
2099587836
1415753261
4065445202
3319846395
2919024376
4112826713
1171203438
670450631
3919096372
3938391237
3827651274
2146938835
2567418032
3561829489
1521502566
2964866591
2171205228
570223709
2400404802
424374955
883742568
3019524233
2383725150
1888543095
763817892
1838912757
1807383738
3003154051
850664224
147676577
4037374038
246838735
3715200476
3049156237
279828786
4190057307
1597594584
1389089721
1723806542
3735249703
3804195092
1219287333
838089386
187953459
606894480
1457457873
2415061830
3449162111
479897932
3696374973
4035477794
3952023563
3704706120
1750360809
4270159934
3759196375
4081129092
2680021333
2044300442
2332362723
4181707776
3260890113
3203381814
1062863151
595890364
1554202349
4148837650
1531846843
4058235064
4052678169
794726702
3606844039
1514862580
2832838021
3450958474
1965474451
184357488
1298329905
657644838
2185583839
2685283372
668765469
752487682
1305431403
3894386984
2176224585
1853980190
3385344055
2489060708
3695918517
4009946234
4237041987
4021505248
676014689
2241025046
819666063
2035710876
2305367885
3361665266
270900763
2121528728
1917200505
3160751886
320360935
255022804
614306277
3331652202
4100465651
3941694288
3786467217
2586320646
299778111
1069317900
1458828669
541059298
3886289611
1494203912
318293929
2495665150
298796951
2580534340
245082645
1416535130
2150484643
1569103296
2523867329
407387638
3360802799
2631874172
543690669
2586047698
3252530043
1902246520
3653855961
3733667054
3641712967
3564144052
4182804037
2681655882
3280999763
897692720
564194801
2525671654
2205725599
3281887724
1609592285
2599556290
3836045355
2249829096
2465403401
3690691038
3762151159
2694081316
1174873717
2807340090
2457994243
1580318368
1285633825
2126936022
2933261135
3759587676
2851606541
1993427122
2651736283
2334510936
2431696185
445156046
3002826919
2432337044
2286586533
1353644586
557225651
807779600
4278912081
4262630086
2720839423
2276037836
3710514749
1630048418
4100672907
431318984
3699207273
1659465662
2704016983
1503777284
3051729621
1491921946
3022048611
3777802112
1857639809
4106617270
1367330479
687152188
1383145581
1553919122
1448048187
3761730616
